105
1	1.000	1.000	1.000	1.200
2	1.000	1.000	1.000	0.500
3	0.800	0.500	0.800	1.900
4	0.500	0.900	0.400	0.900
5       0.200   0.600   0.000   1.750
6       0.300   0.300   0.300   1.600
7       0.000   0.000   1.000   1.600
8       1.000   0.000   0.000   1.650
9	0.500	0.900	0.500	1.400
10	1.000	1.000	1.000	0.500
11	0.700	0.700	0.700	2.000
12	0.500	0.900	0.450	1.400
13	0.300	0.700	0.000	1.200
14	0.800	1.000	0.400	1.800
15	0.500	0.100	1.000	1.900
16      1.000   1.000   0.000   1.800
17	0.150	0.650	0.000	2.000
18	1.000	1.000	1.000	0.500
19	0.700	0.700	0.700	2.100
20	0.500   0.900	0.400	2.000
21	0.900	0.500	0.000	2.000
22	0.900	0.500	0.000	2.000
23	0.300	0.900	0.900	2.100
24	0.300	0.900	0.900	2.000
25	0.300	0.900	0.900	2.000
26	1.000	0.800	0.200	2.100
27	1.000	0.800	0.200	2.100
28	1.000	0.800	0.200	2.100
29	1.000	0.500	0.000	2.100
30	1.000	0.800	0.300	2.100
31	0.300	0.700	0.000	2.000
32	1.000	0.800	0.150	2.100
33	1.000	0.600	0.050	2.000
34	0.800	0.800	0.000	2.000
35	0.700	0.000	0.200	1.800
36	1.000	1.000	1.000	0.500
37	0.700	0.700	0.700	2.300
38	1.000	0.800	0.200	2.000
39	1.000	0.800	0.200	2.000
40	1.000	0.800	0.200	2.000
41	1.000	0.800	0.200	2.000
42	0.800	0.500	1.000	2.100
43	1.000	0.800	0.200	2.100
44	1.000	0.800	0.200	2.100
45      0.800   0.800   0.900   2.400
46	0.800	0.800	0.600	1.900
47	1.000	0.800	0.200	2.100
48	1.000	0.800	0.200	2.100
49	0.300	0.700	0.100	2.100
50	1.000	0.800	0.200	2.300
51	1.000	0.800	0.200	2.100
52	1.000	0.800	0.200	2.100
53	0.700	0.200	0.700	2.000
54	1.000	1.000	1.000	0.500
55	0.700	0.700	0.700	2.500
56	0.500	0.500	0.500	2.200
57	0.200	0.200	0.200	2.100
58	0.200	0.200	0.200	2.100
59	0.200	0.200	0.200	2.100
60	0.200	0.200	0.200	2.100
61	0.200	0.200	0.200	2.100
62	0.200	0.200	0.200	2.100
63	0.200	0.200	0.200	2.100
64	0.200	0.200	0.200	2.100
65	0.200	0.200	0.200	2.100
66	0.200	0.200	0.200	2.100
67	0.200	0.200	0.200	2.100
68	0.200	0.200	0.200	2.100
69	0.200	0.200	0.200	2.100
70	0.200	0.200	0.200	2.100
71	0.200	0.200	0.200	2.100
72	0.200	0.200	0.200	2.100
73	0.200	0.200	0.200	2.100
74	0.800	0.400	1.000	2.100
75	0.200	0.200	0.200	2.100
76	0.200	0.200	0.200	2.100
77	0.200	0.200	0.200	2.100
78	0.200	0.200	0.200	2.100
79	0.200	0.200	0.200	2.100
80	0.200	0.200	0.200	2.100
81	1.000	0.500	0.000	2.100
82	0.800	0.800	0.800	2.300
83	0.200	0.200	0.200	2.100
84	0.200	0.200	0.200	2.100
85	0.200	0.200	0.200	2.100
86	1.000	1.000	1.000	0.500
87	0.700	0.700	0.700	2.500
88	0.200	0.200	0.200	2.100
89	0.200	0.200	0.200	2.100
90	0.200	0.200	0.200	2.100
91	0.200	0.200	0.200	2.100
92	0.200	0.200	0.200	2.100
93	0.200	0.200	0.200	2.100
94	0.200	0.200	0.200	2.100
95	0.200	0.200	0.200	2.100
96	0.200	0.200	0.200	2.100
97	0.200	0.200	0.200	2.100
98	0.200	0.200	0.200	2.100
99	0.200	0.200	0.200	2.100
100	0.200	0.200	0.200	2.100
101	0.200	0.200	0.200	2.100
102	0.200	0.200	0.200	2.100
103	0.200	0.200	0.200	2.100
104	0.200	0.200	0.200	2.100
105	0.200	0.200	0.200	2.100
